Company,business model adaptation and pricing,coercive restriction and legal threat,general corporate operations
Adobe,80.3,18.6,1.1
Amazon,71.4,27.8,0.8
Amazon Prime,79.6,18.0,2.4
Apple Music,57.1,40.7,2.2
Disney+,73.2,26.6,0.2
ExpressVPN,35.0,61.7,3.3
Microsoft,82.0,17.1,0.9
Netflix,69.4,29.8,0.9
NordVPN,34.5,60.0,5.5
PurePlayer,75.4,21.1,3.6
Spotify,75.7,23.5,0.7
Youtube Premium,60.4,39.0,0.6
